// output from Obj2DatTex.py Wavefront text file conversion script
// (c) 2005 By Giles Williams
// 
// original file: "iguanav.obj"
// 
// model size: 97.600 x 48.800 x 158.600
// 
// textures used: ['griff_arcelite_palette2.png']
// 
NVERTS 35
NFACES 66

VERTEX
-12.89940, 17.95030, -64.59040
-10.02470, 19.38760, -65.30910
-28.10160, 3.07075, -72.27460
12.89940, 17.95030, -64.59040
10.02470, 19.38760, -65.30910
28.10160, 3.07075, -72.27460
-0.00000, 24.40000, -79.30000
-0.00000, 16.76950, -79.30000
-28.10160, -4.56197, -72.27460
-48.80000, -0.00000, -67.10000
28.10160, -4.56197, -72.27460
-0.00000, -18.69080, -79.30000
48.80000, -0.00000, -67.10000
-0.00000, -24.40000, -79.30000
-12.89940, 17.95030, -12.62740
-10.02470, 19.38760, -11.19010
10.02470, 19.38760, -11.19010
12.89940, 17.95030, -12.62740
-48.80000, -0.00000, -18.30000
48.80000, -0.00000, -18.30000
-8.74222, 15.07590, 16.58780
-8.74222, 13.73100, 20.62270
-8.74222, 11.19050, 28.24410
-8.74222, 9.84554, 32.27890
8.74222, 9.84554, 32.27890
8.74222, 11.19050, 28.24410
8.74222, 13.73100, 20.62270
8.74222, 15.07590, 16.58780
-0.00000, 24.40000, 6.10000
-0.00000, 20.90410, 16.58780
-0.00000, 19.55910, 20.62270
-0.00000, 17.01860, 28.24410
-0.00000, 15.67370, 32.27890
-0.00000, -24.40000, 6.10000
-0.00000, -0.00000, 79.30000

FACES
0,0,0,	0.53452,-0.80178,0.26726,	3,	34,19,33
1,0,0,	-0.53452,-0.80178,0.26726,	3,	18,34,33
2,0,0,	0.44721,-0.89443,-0.00000,	3,	19,12,13
3,0,0,	0.44721,-0.89443,-0.00000,	3,	19,13,33
4,0,0,	-0.44721,-0.89443,-0.00000,	3,	9,18,13
5,0,0,	-0.44721,-0.89443,-0.00000,	3,	13,18,33
6,0,0,	-0.24254,-0.00000,-0.97014,	3,	7,8,11
7,0,0,	-0.24254,-0.00000,-0.97014,	3,	7,2,8
8,0,0,	-0.24254,-0.00000,-0.97014,	3,	2,9,8
9,0,0,	-0.24254,-0.00000,-0.97014,	3,	7,6,2
10,0,0,	-0.24254,0.00000,-0.97014,	3,	2,6,9
11,0,0,	-0.24254,-0.00000,-0.97014,	3,	11,8,13
12,0,0,	-0.24254,-0.00000,-0.97014,	3,	8,9,13
13,0,0,	0.24254,-0.00000,-0.97014,	3,	10,7,11
14,0,0,	0.24254,-0.00000,-0.97014,	3,	5,7,10
15,0,0,	0.24254,-0.00000,-0.97014,	3,	12,5,10
16,0,0,	0.24254,0.00000,-0.97014,	3,	6,5,12
17,0,0,	0.24254,-0.00000,-0.97014,	3,	6,7,5
18,0,0,	0.24254,-0.00000,-0.97014,	3,	12,10,13
19,0,0,	0.24254,-0.00000,-0.97014,	3,	10,11,13
20,0,0,	-0.53452,0.80178,0.26727,	3,	30,31,22
21,0,0,	-0.53453,0.80178,0.26726,	3,	28,29,20
22,0,0,	-0.53452,0.80178,0.26727,	3,	21,30,22
23,0,0,	-0.53452,0.80178,0.26726,	3,	28,20,18
24,0,0,	-0.53452,0.80178,0.26726,	3,	23,32,34
25,0,0,	-0.53452,0.80178,0.26726,	3,	18,23,34
26,0,0,	-0.53452,0.80179,0.26725,	3,	20,21,18
27,0,0,	-0.53453,0.80178,0.26727,	3,	22,23,18
28,0,0,	-0.53453,0.80178,0.26726,	3,	21,22,18
29,0,0,	0.53452,0.80178,0.26727,	3,	31,30,26
30,0,0,	0.53453,0.80178,0.26726,	3,	29,28,27
31,0,0,	0.53452,0.80178,0.26727,	3,	31,26,25
32,0,0,	0.53452,0.80178,0.26726,	3,	27,28,19
33,0,0,	0.53452,0.80178,0.26726,	3,	32,24,34
34,0,0,	0.53452,0.80178,0.26726,	3,	24,19,34
35,0,0,	0.53452,0.80179,0.26725,	3,	26,27,19
36,0,0,	0.53453,0.80178,0.26726,	3,	25,26,19
37,0,0,	0.53453,0.80178,0.26727,	3,	24,25,19
38,0,0,	0.44721,0.89443,0.00000,	3,	4,6,12
39,0,0,	0.44722,0.89443,-0.00000,	3,	6,4,16
40,0,0,	0.44722,0.89443,-0.00000,	3,	28,6,16
41,0,0,	0.44721,0.89443,-0.00000,	3,	28,16,19
42,0,0,	0.44722,0.89442,0.00005,	3,	16,17,19
43,0,0,	0.44721,0.89443,-0.00000,	3,	17,3,19
44,0,0,	0.44721,0.89443,-0.00000,	3,	3,12,19
45,0,0,	0.44721,0.89443,-0.00005,	3,	3,4,12
46,0,0,	-0.44721,0.89443,0.00000,	3,	6,1,9
47,0,0,	-0.44722,0.89443,-0.00000,	3,	1,6,15
48,0,0,	-0.44722,0.89443,-0.00000,	3,	6,28,15
49,0,0,	-0.44721,0.89443,-0.00000,	3,	15,28,18
50,0,0,	-0.44722,0.89442,0.00005,	3,	14,15,18
51,0,0,	-0.44721,0.89443,-0.00000,	3,	0,14,18
52,0,0,	-0.44721,0.89443,-0.00005,	3,	1,0,9
53,0,0,	-0.44721,0.89443,-0.00000,	3,	9,0,18
54,0,0,	0.44720,0.89443,-0.00000,	3,	16,4,17
55,0,0,	0.44720,0.89443,-0.00000,	3,	4,3,17
56,0,0,	-0.44720,0.89443,-0.00000,	3,	0,1,14
57,0,0,	-0.44720,0.89443,-0.00000,	3,	1,15,14
58,0,0,	0.53453,0.80178,0.26727,	3,	30,29,27
59,0,0,	0.53452,0.80179,0.26725,	3,	30,27,26
60,0,0,	0.53452,0.80179,0.26726,	3,	32,31,25
61,0,0,	0.53452,0.80178,0.26727,	3,	32,25,24
62,0,0,	-0.53452,0.80178,0.26727,	3,	29,30,21
63,0,0,	-0.53453,0.80178,0.26725,	3,	20,29,21
64,0,0,	-0.53452,0.80178,0.26725,	3,	31,32,23
65,0,0,	-0.53452,0.80178,0.26727,	3,	22,31,23

TEXTURES
griff_arcelite_palette2.png	1.0 1.0	0.15725 0.29430	0.14385 0.26646	0.15725 0.27342
griff_arcelite_palette2.png	1.0 1.0	0.23575 0.76715	0.22235 0.79500	0.22235 0.77411
griff_arcelite_palette2.png	1.0 1.0	0.59394 0.91298	0.59394 0.89906	0.60733 0.89558
griff_arcelite_palette2.png	1.0 1.0	0.59394 0.91298	0.60733 0.89558	0.60733 0.91994
griff_arcelite_palette2.png	1.0 1.0	0.41292 0.89617	0.41292 0.91009	0.39952 0.89269
griff_arcelite_palette2.png	1.0 1.0	0.39952 0.89269	0.41292 0.91009	0.39952 0.91705
griff_arcelite_palette2.png	1.0 1.0	0.77763 0.52584	0.78534 0.53152	0.77763 0.53527
griff_arcelite_palette2.png	1.0 1.0	0.77763 0.52584	0.78534 0.52949	0.78534 0.53152
griff_arcelite_palette2.png	1.0 1.0	0.28569 0.77884	0.29138 0.77966	0.28569 0.78087
griff_arcelite_palette2.png	1.0 1.0	0.27798 0.77520	0.27798 0.77317	0.28569 0.77884
griff_arcelite_palette2.png	1.0 1.0	0.28569 0.77884	0.27798 0.77317	0.29138 0.77966
griff_arcelite_palette2.png	1.0 1.0	0.27798 0.78463	0.28569 0.78087	0.27798 0.78615
griff_arcelite_palette2.png	1.0 1.0	0.28569 0.78087	0.29138 0.77966	0.27798 0.78615
griff_arcelite_palette2.png	1.0 1.0	0.76991 0.53152	0.77763 0.52584	0.77763 0.53527
griff_arcelite_palette2.png	1.0 1.0	0.76991 0.52949	0.77763 0.52584	0.76991 0.53152
griff_arcelite_palette2.png	1.0 1.0	0.26799 0.77774	0.27368 0.77692	0.27368 0.77895
griff_arcelite_palette2.png	1.0 1.0	0.28139 0.77125	0.27368 0.77692	0.26799 0.77774
griff_arcelite_palette2.png	1.0 1.0	0.28139 0.77125	0.28139 0.77328	0.27368 0.77692
griff_arcelite_palette2.png	1.0 1.0	0.26799 0.77774	0.27368 0.77895	0.28139 0.78423
griff_arcelite_palette2.png	1.0 1.0	0.27368 0.77895	0.28139 0.78271	0.28139 0.78423
griff_arcelite_palette2.png	1.0 1.0	0.52708 0.40070	0.52708 0.40287	0.52948 0.40287
griff_arcelite_palette2.png	1.0 1.0	0.52708 0.39655	0.52708 0.39955	0.52948 0.39955
griff_arcelite_palette2.png	1.0 1.0	0.52948 0.40070	0.52708 0.40070	0.52948 0.40287
griff_arcelite_palette2.png	1.0 1.0	0.52708 0.39655	0.52948 0.39955	0.54048 0.38959
griff_arcelite_palette2.png	1.0 1.0	0.52948 0.40402	0.52708 0.40402	0.52708 0.41744
griff_arcelite_palette2.png	1.0 1.0	0.54048 0.38959	0.52948 0.40402	0.52708 0.41744
griff_arcelite_palette2.png	1.0 1.0	0.52948 0.39955	0.52948 0.40070	0.54048 0.38959
griff_arcelite_palette2.png	1.0 1.0	0.52948 0.40287	0.52948 0.40402	0.54048 0.38959
griff_arcelite_palette2.png	1.0 1.0	0.52948 0.40070	0.52948 0.40287	0.54048 0.38959
griff_arcelite_palette2.png	1.0 1.0	0.29037 0.28271	0.29037 0.28054	0.28797 0.28054
griff_arcelite_palette2.png	1.0 1.0	0.29037 0.27938	0.29037 0.27639	0.28797 0.27938
griff_arcelite_palette2.png	1.0 1.0	0.29037 0.28271	0.28797 0.28054	0.28797 0.28271
griff_arcelite_palette2.png	1.0 1.0	0.28797 0.27938	0.29037 0.27639	0.27697 0.26943
griff_arcelite_palette2.png	1.0 1.0	0.29037 0.28386	0.28797 0.28386	0.29037 0.29728
griff_arcelite_palette2.png	1.0 1.0	0.28797 0.28386	0.27697 0.26943	0.29037 0.29728
griff_arcelite_palette2.png	1.0 1.0	0.28797 0.28054	0.28797 0.27938	0.27697 0.26943
griff_arcelite_palette2.png	1.0 1.0	0.28797 0.28271	0.28797 0.28054	0.27697 0.26943
griff_arcelite_palette2.png	1.0 1.0	0.28797 0.28386	0.28797 0.28271	0.27697 0.26943
griff_arcelite_palette2.png	1.0 1.0	0.22531 0.21552	0.22806 0.21153	0.21466 0.21501
griff_arcelite_palette2.png	1.0 1.0	0.22806 0.21153	0.22531 0.21552	0.22531 0.23096
griff_arcelite_palette2.png	1.0 1.0	0.22806 0.23589	0.22806 0.21153	0.22531 0.23096
griff_arcelite_palette2.png	1.0 1.0	0.22806 0.23589	0.22531 0.23096	0.21466 0.22893
griff_arcelite_palette2.png	1.0 1.0	0.22531 0.23096	0.22339 0.22996	0.21466 0.22893
griff_arcelite_palette2.png	1.0 1.0	0.22339 0.22996	0.22339 0.21602	0.21466 0.22893
griff_arcelite_palette2.png	1.0 1.0	0.22339 0.21602	0.21466 0.21501	0.21466 0.22893
griff_arcelite_palette2.png	1.0 1.0	0.22339 0.21602	0.22531 0.21552	0.21466 0.21501
griff_arcelite_palette2.png	1.0 1.0	0.40318 0.39403	0.40594 0.39802	0.41658 0.39751
griff_arcelite_palette2.png	1.0 1.0	0.40594 0.39802	0.40318 0.39403	0.40594 0.41346
griff_arcelite_palette2.png	1.0 1.0	0.40318 0.39403	0.40318 0.41840	0.40594 0.41346
griff_arcelite_palette2.png	1.0 1.0	0.40594 0.41346	0.40318 0.41840	0.41658 0.41144
griff_arcelite_palette2.png	1.0 1.0	0.40786 0.41246	0.40594 0.41346	0.41658 0.41144
griff_arcelite_palette2.png	1.0 1.0	0.40786 0.39852	0.40786 0.41246	0.41658 0.41144
griff_arcelite_palette2.png	1.0 1.0	0.40594 0.39802	0.40786 0.39852	0.41658 0.39751
griff_arcelite_palette2.png	1.0 1.0	0.41658 0.39751	0.40786 0.39852	0.41658 0.41144
griff_arcelite_palette2.png	1.0 1.0	0.09525 0.73743	0.09525 0.72199	0.09332 0.73643
griff_arcelite_palette2.png	1.0 1.0	0.09525 0.72199	0.09332 0.72249	0.09332 0.73643
griff_arcelite_palette2.png	1.0 1.0	0.09332 0.71604	0.09140 0.71554	0.09332 0.72998
griff_arcelite_palette2.png	1.0 1.0	0.09140 0.71554	0.09140 0.73098	0.09332 0.72998
griff_arcelite_palette2.png	1.0 1.0	0.53307 0.90103	0.53307 0.89987	0.53067 0.89987
griff_arcelite_palette2.png	1.0 1.0	0.53307 0.90103	0.53067 0.89987	0.53067 0.90103
griff_arcelite_palette2.png	1.0 1.0	0.52987 0.89922	0.52987 0.89807	0.52747 0.89807
griff_arcelite_palette2.png	1.0 1.0	0.52987 0.89922	0.52747 0.89807	0.52747 0.89922
griff_arcelite_palette2.png	1.0 1.0	0.53307 0.89987	0.53307 0.90103	0.53548 0.90103
griff_arcelite_palette2.png	1.0 1.0	0.53548 0.89987	0.53307 0.89987	0.53548 0.90103
griff_arcelite_palette2.png	1.0 1.0	0.52987 0.89807	0.52987 0.89922	0.53227 0.89922
griff_arcelite_palette2.png	1.0 1.0	0.53227 0.89807	0.52987 0.89807	0.53227 0.89922

END
